outputs

Backtracking
1 0 0 0
1 1 0 0
0 1 0 0
0 1 1 1

Ramificación y poda
1 0 0 0
1 1 0 0
0 1 0 0
0 1 1 1

-------------------------------

Backtracking:
1 0 0 0 0
1 0 0 0 0
1 0 1 1 1
1 1 1 0 1

Ramificacion y Poda:
1 0 0 0 0
1 1 1 0 0
0 0 1 1 1
0 0 0 0 1

-------------------------------

Backtracking:
1 0 0 0 0 0
1 0 0 0 0 0
1 0 0 0 0 0
1 1 0 0 0 0
0 1 0 1 1 1
0 1 1 1 0 1

Ramificacion y Poda:
1 1 1 1 0 0
0 0 0 1 0 0
0 0 0 1 0 0
0 0 0 1 0 0
0 0 0 1 1 1
0 0 0 0 0 1

--------------------------------

Backtracking:
1 0 0 0
1 1 0 0
0 1 1 1
0 0 0 1

Ramificacion y Poda:
1 0 0 0
1 1 0 0
0 1 1 1
0 0 0 1

---------------------------------

Backtracking:
1 1 0 0 0 0 0 0 0
0 1 0 0 0 0 0 0 0
1 1 0 0 0 1 1 1 0
1 0 0 0 1 1 0 1 1
1 1 0 1 1 0 0 0 1
0 1 0 1 0 0 0 0 1
0 1 1 1 0 0 0 0 1

Ramificacion y Poda:
1 1 0 0 0 0 0 0 0
0 1 1 1 0 0 0 0 0
0 0 0 1 1 1 1 1 0
0 0 0 0 0 0 0 1 1
0 0 0 0 0 0 0 0 1
0 0 0 0 0 0 0 0 1
0 0 0 0 0 0 0 0 1
